resolution=3000
iterations=9
polygon_sides=3
fracture_pattern={{0.333333, 0.0}, {0.5, 0.288675}, {0.666666, 0.0}}